
After sorting the list is 

                                       105
                                       208
                                       258
                                       308
                                       362
                                       375
                                       795
                                      1080
                                      1157
                                      1177
                                      1279
                                      1419
                                      1509
                                      1522
                                      1568
                                      1708
                                      1973
                                      2018
                                      2249
                                      2406
                                      2408
                                      2449
                                      2703
                                      2789
                                      2842
                                      2985
                                      3009
                                      3011
                                      3025
                                      3375
                                      3379
                                      3397
                                      3555
                                      3593
                                      3611
                                      3783
                                      3935
                                      3970
                                      4083
                                      4435
                                      4437
                                      4553
                                      4773
                                      5131
                                      5248
                                      5573
                                      5581
                                      5738
                                      5773
                                      6016
                                      6075
                                      6086
                                      6558
                                      6632
                                      6642
                                      6680
                                      6866
                                      6901
                                      7250
                                      7430
                                      7436
                                      7500
                                      7501
                                      7620
                                      7661
                                      7774
                                      7814
                                      7816
                                      7989
                                      8070
                                      8136
                                      8246
                                      8294
                                      8366
                                      8510
                                      8809
                                      8825
                                      8969
                                      9087
                                      9124
                                      9204
                                      9290
                                      9542
                                      9647
                                      9851
                                      9930
                                      9976
                                     10048
                                     10186
                                     10224
                                     10351
                                     10363
                                     10365
                                     10412
                                     10441
                                     10447
                                     10657
                                     10772
                                     10779
                                     10890
                                     10997
                                     11135
                                     11160
                                     11635
                                     11663
                                     11793
                                     12214
                                     12253
                                     12469
                                     12492
                                     12816
                                     12837
                                     12838
                                     12858
                                     12869
                                     12889
                                     12891
                                     13074
                                     13089
                                     13116
                                     13264
                                     13306
                                     13453
                                     13498
                                     13540
                                     13609
                                     13715
                                     13772
                                     13821
                                     13965
                                     14291
                                     14325
                                     14410
                                     14501
                                     14503
                                     14781
                                     14851
                                     14952
                                     15047
                                     15174
                                     15311
                                     15434
                                     15509
                                     15972
                                     15977
                                     15990
                                     16134
                                     16216
                                     16406
                                     16556
                                     16677
                                     16690
                                     16824
                                     17032
                                     17107
                                     17248
                                     17352
                                     17417
                                     17430
                                     17613
                                     17654
                                     18026
                                     18221
                                     18237
                                     18252
                                     18310
                                     18336
                                     18355
                                     18527
                                     18593
                                     18612
                                     18658
                                     18732
                                     18874
                                     18892
                                     19078
                                     19194
                                     19324
                                     19355
                                     19434
                                     19466
                                     19531
                                     19593
                                     19672
                                     19696
                                     19814
                                     19833
                                     20034
                                     20096
                                     20161
                                     20373
                                     20485
                                     20515
                                     20524
                                     20532
                                     21740
                                     21789
                                     21946
                                     22419
                                     22443
                                     23088
                                     23097
                                     23211
                                     23351
                                     23409
                                     23578
                                     23613
                                     23678
                                     23744
                                     23922
                                     24133
                                     24141
                                     24180
                                     24261
                                     24278
                                     24365
                                     24474
                                     24476
                                     24508
                                     24603
                                     24720
                                     24792
                                     24912
                                     25073
                                     25252
                                     25623
                                     25766
                                     25880
                                     25945
                                     25962
                                     26050
                                     26191
                                     26200
                                     26298
                                     26349
                                     26356
                                     26475
                                     26597
                                     26665
                                     26677
                                     26727
                                     26935
                                     27157
                                     27252
                                     27368
                                     27376
                                     27388
                                     27758
                                     27820
                                     27871
                                     27920
                                     28137
                                     28139
                                     28187
                                     28228
                                     28341
                                     28373
                                     28524
                                     28612
                                     28720
                                     28726
                                     28903
                                     28927
                                     29122
                                     29126
                                     29155
                                     29265
                                     29267
                                     29296
                                     29377
                                     29384
                                     29768
                                     29872
                                     29966
                                     30347
                                     30487
                                     30495
                                     30509
                                     30541
                                     30577
                                     30722
                                     30741
                                     30850
                                     30897
                                     31047
                                     31103
                                     31106
                                     31220
                                     31224
                                     31724
                                     31987
                                     32275
                                     32385
                                     32455
                                     32634
                                     32683
                                     32723
                                     32882
                                     33023
                                     33117
                                     33375
                                     33400
                                     33668
                                     34018
                                     34091
                                     34224
                                     34343
                                     34399
                                     34440
                                     34512
                                     34515
                                     34600
                                     34618
                                     34639
                                     35106
                                     35290
                                     35338
                                     35349
                                     35425
                                     35497
                                     35579
                                     35675
                                     35690
                                     35754
                                     36029
                                     36095
                                     36175
                                     36699
                                     36744
                                     36771
                                     36868
                                     36936
                                     36960
                                     36964
                                     36978
                                     36999
                                     37007
                                     37130
                                     37190
                                     37208
                                     37260
                                     37304
                                     37305
                                     37379
                                     37414
                                     37453
                                     37500
                                     37818
                                     38035
                                     38353
                                     38488
                                     38522
                                     38696
                                     38716
                                     38899
                                     39069
                                     39243
                                     39312
                                     39520
                                     39566
                                     39592
                                     39623
                                     39647
                                     39651
                                     39822
                                     39875
                                     39972
                                     40035
                                     40155
                                     40174
                                     40185
                                     40266
                                     40537
                                     40573
                                     40602
                                     40645
                                     40718
                                     40754
                                     40922
                                     41000
                                     41083
                                     41099
                                     41215
                                     41256
                                     41360
                                     41394
                                     41397
                                     41432
                                     41492
                                     41569
                                     41611
                                     42078
                                     42249
                                     42335
                                     42357
                                     42509
                                     42652
                                     42818
                                     42869
                                     42973
                                     43195
                                     43234
                                     43488
                                     43500
                                     43684
                                     43739
                                     43789
                                     43823
                                     44082
                                     44248
                                     44465
                                     44669
                                     44930
                                     45011
                                     45127
                                     45128
                                     45376
                                     45417
                                     45771
                                     45855
                                     45867
                                     45872
                                     45966
                                     46011
                                     46037
                                     46213
                                     46307
                                     46407
                                     46431
                                     46503
                                     46541
                                     46665
                                     46667
                                     46670
                                     46747
                                     46824
                                     46877
                                     46943
                                     47246
                                     47408
                                     47543
                                     47673
                                     47683
                                     47683
                                     47705
                                     47786
                                     47794
                                     47896
                                     48149
                                     48187
                                     48247
                                     48485
                                     48529
                                     48544
                                     48617
                                     48628
                                     48754
                                     48930
                                     48943
                                     49198
                                     49205
                                     49454
                                     49540
                                     49722
                                     49833
                                     49944
                                     49952
                                     49995
                                     50313
                                     50423
                                     50484
                                     50501
                                     50645
                                     50747
                                     50764
                                     50851
                                     50888
                                     51113
                                     51202
                                     51206
                                     51251
                                     51418
                                     51639
                                     51749
                                     52002
                                     52055
                                     52064
                                     52118
                                     52135
                                     52334
                                     52439
                                     52452
                                     52499
                                     52554
                                     52921
                                     53352
                                     53359
                                     53417
                                     53427
                                     53513
                                     53514
                                     53664
                                     53723
                                     53967
                                     54006
                                     54449
                                     54597
                                     54612
                                     54691
                                     54811
                                     54859
                                     54870
                                     54883
                                     55076
                                     55115
                                     55572
                                     55690
                                     55749
                                     56003
                                     56377
                                     56427
                                     56480
                                     56640
                                     56773
                                     56863
                                     56869
                                     56955
                                     57051
                                     57132
                                     57158
                                     57418
                                     57421
                                     57469
                                     57487
                                     57706
                                     57755
                                     57785
                                     57857
                                     58022
                                     58031
                                     58101
                                     58145
                                     58287
                                     58434
                                     58462
                                     58504
                                     58578
                                     58583
                                     58754
                                     58855
                                     58860
                                     58901
                                     59157
                                     59315
                                     59361
                                     59437
                                     59442
                                     59552
                                     59641
                                     59863
                                     60629
                                     60694
                                     60775
                                     60852
                                     60876
                                     60909
                                     60949
                                     61157
                                     61183
                                     61299
                                     61397
                                     61593
                                     61650
                                     61784
                                     61797
                                     62212
                                     62253
                                     62262
                                     62344
                                     62483
                                     62605
                                     62651
                                     62876
                                     62910
                                     62918
                                     63018
                                     63149
                                     63315
                                     63334
                                     63379
                                     63441
                                     63539
                                     63565
                                     63574
                                     63616
                                     63724
                                     63873
                                     63887
                                     64128
                                     64155
                                     64208
                                     64220
                                     64251
                                     64349
                                     64388
                                     64437
                                     64454
                                     64478
                                     64506
                                     64594
                                     64607
                                     64680
                                     64746
                                     64792
                                     64819
                                     64901
                                     64913
                                     64990
                                     65010
                                     65111
                                     65118
                                     65158
                                     65245
                                     65255
                                     65343
                                     65453
                                     65539
                                     65572
                                     65755
                                     65815
                                     65878
                                     65898
                                     65899
                                     65960
                                     66014
                                     66108
                                     66121
                                     66230
                                     66488
                                     66547
                                     66625
                                     66807
                                     67028
                                     67029
                                     67096
                                     67254
                                     67267
                                     67292
                                     67421
                                     67432
                                     67462
                                     67520
                                     67526
                                     67620
                                     67643
                                     67721
                                     67799
                                     67851
                                     67874
                                     67936
                                     68020
                                     68079
                                     68096
                                     68173
                                     68258
                                     68285
                                     68289
                                     68317
                                     68323
                                     68351
                                     68440
                                     68516
                                     68627
                                     68648
                                     68649
                                     68870
                                     68944
                                     69017
                                     69046
                                     69213
                                     69453
                                     69483
                                     69654
                                     70034
                                     70037
                                     70090
                                     70212
                                     70255
                                     70327
                                     70349
                                     70574
                                     70632
                                     70677
                                     70696
                                     70791
                                     70834
                                     70912
                                     70928
                                     70946
                                     70961
                                     71095
                                     71109
                                     71125
                                     71368
                                     71416
                                     71442
                                     71458
                                     71486
                                     71496
                                     71503
                                     71545
                                     71623
                                     71680
                                     71702
                                     71703
                                     71925
                                     72198
                                     72223
                                     72391
                                     72443
                                     72510
                                     72611
                                     72663
                                     72724
                                     72852
                                     72895
                                     72927
                                     73124
                                     73135
                                     73227
                                     73293
                                     73315
                                     73782
                                     73871
                                     73919
                                     73920
                                     74205
                                     74325
                                     74494
                                     74507
                                     74536
                                     74540
                                     74568
                                     74577
                                     74700
                                     74721
                                     74831
                                     75318
                                     75323
                                     75337
                                     75501
                                     75535
                                     75773
                                     75784
                                     75819
                                     75840
                                     75901
                                     76016
                                     76020
                                     76065
                                     76122
                                     76123
                                     76289
                                     76341
                                     76411
                                     76491
                                     76493
                                     76540
                                     76715
                                     76891
                                     77037
                                     77148
                                     77173
                                     77217
                                     77281
                                     77449
                                     77509
                                     77559
                                     77621
                                     78014
                                     78025
                                     78113
                                     78205
                                     78208
                                     78560
                                     78681
                                     78697
                                     78920
                                     78936
                                     79108
                                     79178
                                     79284
                                     79333
                                     79379
                                     79460
                                     79521
                                     79583
                                     79609
                                     79610
                                     79829
                                     79920
                                     79949
                                     80001
                                     80104
                                     80150
                                     80177
                                     80478
                                     80504
                                     80644
                                     80670
                                     80736
                                     80997
                                     81006
                                     81299
                                     81540
                                     81542
                                     81679
                                     81706
                                     81713
                                     81773
                                     81969
                                     82199
                                     82318
                                     82368
                                     82433
                                     82653
                                     82797
                                     82904
                                     83039
                                     83154
                                     83357
                                     83544
                                     83638
                                     83667
                                     83844
                                     83848
                                     84038
                                     84061
                                     84068
                                     84110
                                     84414
                                     84508
                                     84672
                                     84817
                                     85183
                                     85222
                                     85235
                                     85447
                                     85548
                                     85622
                                     85666
                                     85716
                                     85820
                                     85849
                                     85971
                                     86140
                                     86144
                                     86366
                                     86389
                                     86437
                                     86593
                                     86635
                                     86653
                                     86664
                                     86922
                                     87252
                                     87265
                                     87534
                                     87585
                                     87716
                                     87829
                                     87877
                                     87974
                                     87975
                                     88070
                                     88081
                                     88107
                                     88205
                                     88206
                                     88524
                                     88675
                                     88720
                                     88865
                                     88868
                                     88991
                                     89159
                                     89341
                                     89429
                                     89443
                                     89633
                                     89689
                                     89898
                                     89967
                                     89972
                                     90162
                                     90177
                                     90226
                                     90352
                                     90512
                                     90534
                                     90537
                                     90602
                                     90603
                                     90830
                                     90833
                                     91180
                                     91191
                                     91192
                                     91255
                                     91282
                                     91450
                                     91477
                                     91651
                                     91852
                                     91853
                                     92067
                                     92135
                                     92366
                                     92370
                                     92452
                                     92470
                                     92537
                                     92604
                                     92635
                                     92720
                                     92808
                                     92826
                                     92899
                                     93005
                                     93050
                                     93231
                                     93287
                                     93516
                                     93700
                                     93788
                                     93920
                                     93978
                                     94028
                                     94086
                                     94192
                                     94282
                                     94292
                                     94296
                                     94373
                                     94403
                                     94497
                                     94525
                                     94576
                                     94662
                                     94688
                                     94988
                                     95230
                                     95461
                                     95692
                                     95833
                                     95970
                                     95990
                                     96052
                                     96197
                                     96411
                                     96541
                                     96688
                                     96699
                                     96852
                                     96879
                                     96945
                                     97054
                                     97151
                                     97166
                                     97283
                                     97329
                                     97363
                                     97452
                                     97461
                                     97463
                                     97476
                                     97518
                                     97619
                                     97623
                                     97667
                                     98027
                                     98038
                                     98060
                                     98186
                                     98246
                                     98257
                                     98311
                                     98373
                                     98575
                                     98575
                                     98633
                                     98689
                                     98829
                                     98900
                                     99153
                                     99230
                                     99453
                                     99603
                                     99756
                                     99906
