100
99 40
99 27
99 16
98 83
98 64
97 32
97 17
96 44
96 36
96 26
95 86
95 15
94 86
94 83
94 70
94 45
94 11
93 92
92 78
91 15
90 89
90 11
88 14
88 1
87 53
87 36
86 43
86 36
86 34
86 22
85 38
85 34
85 31
84 77
84 17
83 41
83 37
83 3
83 0
82 40
82 27
82 25
80 66
80 56
79 20
79 15
78 12
78 11
77 76
77 52
77 24
77 21
76 26
74 67
74 66
74 29
74 5
73 13
72 58
71 64
71 63
71 27
70 63
70 55
70 35
70 21
70 11
70 3
69 12
69 4
68 16
67 63
67 47
67 41
67 16
66 63
66 29
65 28
64 12
64 5
62 46
61 13
60 57
60 31
60 17
60 15
57 45
57 21
57 16
56 41
55 30
54 18
53 33
52 3
51 43
51 6
49 34
49 30
49 4
48 28
48 9
48 2
47 24
46 21
45 40
44 41
44 34
44 24
44 22
44 16
44 13
43 5
40 37
40 2
39 36
39 32
39 31
36 20
35 4
34 4
33 27
32 30
32 1
31 3
29 2
28 9
27 24
26 21
25 24
25 15
22 4
19 10
14 10
14 2
12 4
10 9
8 5
5 4
3 1
-1
